ANNO,MES,COLOMBIA_TELECOMUNICACIONES,COLOMBIA_MOVIL,COMUNICACION_CELULAR_COMCEL,EMPRESA_DE_TELECOMUNICACIONES_DE_BOGOTA,UNE_EPM,AVANTEL,ALMACENES_EXITO,VIRGIN_MOBILE,PARTNERS_TELECOM,SETROC_MOBILE,UFF_MOVIL,CELLVOZ_COLOMBIA,LOGISTICA_FLASH,LOV_TELECOMUNICACIONES,SUMA_MOVIL
2012,1,40.95356211,0,55.46701558390554,3.201783918653046,0,0,0,0,0,0,0.3776383827304134,0,0,0,0
2012,2,43.29121413507548,0,56.31556955027597,0,0,0,0,0,0,0,0.3932163146485474,0,0,0,0
2012,3,33.61436944957181,22.296836340853663,43.75702692296504,0,0,0,0,0,0,0,0.33176728660948007,0,0,0,0
2012,4,33.45179219413269,21.695223234941952,44.52435225734403,0,0,0,0,0,0,0,0.3286323135813339,0,0,0,0
2012,5,32.200101854999964,21.712116998325943,43.47422711960175,2.272367984358455,0,0,0,0,0,0,0.34118604271388875,0,0,0,0
2012,6,33.14256699189977,22.71675308825657,43.800740258633866,0,0,0,0,0,0,0,0.33993966120978975,0,0,0,0
2012,7,32.70445326335245,22.81874533531024,44.11785886469823,0,0,0,0,0,0,0,0.3589425366390894,0,0,0,0
2012,8,32.42919733,23.246969779654904,43.952809098672574,0,0,0,0,0,0,0,0.37102379313632483,0,0,0,0
2012,9,31.245671486952574,22.28308208886198,43.36588914675944,2.7567009763503108,0,0,0,0,0,0,0.3486563010756974,0,0,0,0
2012,10,31.087971891473572,22.347106060159085,44.20799902412171,1.9874800489844184,0,0,0,0,0,0,0.36944297526121406,0,0,0,0
2012,11,32.00145936386044,22.771704122136708,44.895326737464494,0,0,0,0,0,0,0,0.33150977653836106,0,0,0,0
2012,12,31.130938693447163,22.672478097279065,45.843088512076555,0,0,0,0,0,0,0,0.35349469719722093,0,0,0,0
2013,1,29.162284074171534,21.27671463351025,46.06560232696994,1.6092825591112612,1.566276806347374,0,0,0,0,0,0.31983959988964517,0,0,0,0
2013,2,29.51908422363546,22.081295724748664,46.71026030648833,0,1.3783290085866649,0,0,0,0,0,0.3110307365408865,0,0,0,0
2013,3,28.743658652861576,21.90299843678575,47.11998676247355,0,1.8938566547460067,0,0,0,0,0,0.33949949313311634,0,0,0,0
2013,4,28.01378818020247,21.336436528990173,46.64721419923806,1.451590293975269,2.181753504,0,0,0.011569292931448826,0,0,0.3576480005972385,0,0,0,0
2013,5,28.18262098096796,21.93007912735457,47.396601850475896,0,2.0217719999635406,0,0,0.039259272256462224,0,0,0.42966676898157313,0,0,0,0
2013,6,27.663299947033437,21.290719451221772,48.592295537331246,0,2.016091143646983,0,0,0.074373435,0,0,0.3632204856219148,0,0,0,0
2013,7,26.797535396700788,20.61457521898808,48.67778158849346,1.1525517355538295,2.2476296683556827,0,0,0.14566078104157065,0,0,0.3642656108665853,0,0,0,0
2013,8,26.56823967960071,21.12563122862441,49.23380039371669,0,2.5111964436750323,0,0,0.19559430235245806,0,0,0.3655379520306992,0,0,0,0
2013,9,26.494666133130725,20.829343128789837,49.27048199,0,2.845307296380225,0,0,0.22233604465078166,0,0,0.33786540372903495,0,0,0,0
2013,10,25.839486688929032,20.61346267570426,48.80172046939683,0.9220512146761635,3.1994466940909847,0,0,0.28084409260705906,0,0,0.34298816459567627,0,0,0,0
2013,11,26.12371387902555,20.481549663655052,49.21795189081071,0,3.5166724501936164,0,0,0.33360277481818235,0,0,0.3265093414968913,0,0,0,0
2013,12,24.898498057463975,20.974334824281936,49.54668912062063,0,3.8636982713116605,0,0,0.38249976587144024,0,0,0.3342799604503556,0,0,0,0
2014,1,25.568708444400922,20.20272475777885,50.16976795621761,0.7334117825707854,2.5634296193849995,0,0,0.415782113,0,0,0.34617532713291305,0,0,0,0
2014,2,24.86685828211834,20.82933656993759,50.64705909510362,0,2.989999183,0,0,0.3503810776418558,0,0,0.3163657924023974,0,0,0,0
2014,3,24.563656272928316,21.22640835,50.197158042293324,0,3.1842306512917173,0,0,0.47145307575014095,0,0,0.35709361191400013,0,0,0,0
2014,4,24.315002922901034,21.171742404089567,49.84691200788694,0.5996635291801992,3.258749328537279,0,0,0.4601795463796952,0,0,0.347750261,0,0,0,0
2014,5,24.549089309724522,20.961358929590165,50.41395022006226,0,3.221454625206799,0,0,0.499479632,0,0,0.3546672837863457,0,0,0,0
2014,6,24.319185328395566,21.11337792957623,50.31789472611945,0,3.350381335767668,0,0,0.5807087392215866,0,0,0.3184519409195016,0,0,0,0
2014,7,23.603938005775742,21.19162456556894,50.35512495369071,0.5606635136901351,3.288550248,0,0,0.6616418375968195,0,0,0.3384568760695836,0,0,0,0
2014,8,23.50220564598995,21.584225485485963,50.67458408786681,0,3.2362882684585226,0.031776456,0,0.6620005680201262,0,0,0.308919488,0,0,0,0
2014,9,23.92614621,21.59876416,49.88398466369778,0,3.5524027307763153,0.036171457,0,0.7088239798601531,0,0,0.29370680340432326,0,0,0,0
2014,10,23.573482220976796,21.384590637959736,49.825158743659095,0.8146557721616253,3.299814422841595,0.036937293593895464,0,0.7747363798932849,0,0,0.29062452891397306,0,0,0,0
2014,11,23.499735078359386,21.510992925247297,49.86951226211333,0,3.957578198336286,0.067925475,0,0.8191467981272543,0,0,0.2751092630128548,0,0,0,0
2014,12,22.64434765617134,21.903012737860497,50.68205465125634,0,3.451711348332516,0.1212875965171256,0,0.9010623168958428,0,0,0.2965236929663404,0,0,0,0
2015,1,22.552404785301892,20.41147345335996,52.53109822866846,0.10188742359507307,2.964513737545976,0.12021431312712905,0.10760492068669128,0.9343566420884676,0,0,0.27644649562635476,0,0,0,0
2015,2,22.69269981384097,19.315731235819815,53.55779665744615,0.16454514775917078,2.751050865992172,0.1958460902071725,0.097933847,0.9663522699223704,0,0,0.25804407229341086,0,0,0,0
2015,3,21.513601109672077,19.076676305916596,54.88200375711403,0.22931388764657645,2.7019675199928335,0.25586641775359126,0.1057067340143633,0.965213411,0,0,0.26965085727133764,0,0,0,0
2015,4,20.927988354556945,18.740617108926944,55.700582269077294,0.310618402,2.731963221427008,0.2844231893194916,0.12169387863037334,0.9373897279095678,0,0,0.244723848,0,0,0,0
2015,5,20.648305322280088,19.728631879186313,55.20683542103112,0.37660128845562413,2.4487570750565455,0.34111129351756037,0.11687231307293561,0.9042520025864259,0,0,0.22863340481339509,0,0,0,0
2015,6,20.571402945890707,19.329521015624934,55.82851286237535,0.45676618788413925,2.1737482732599767,0.4817017789348915,0.12795876917886242,0.8144770976823331,0,0,0.21591106916880615,0,0,0,0
2015,7,20.18102707,19.28925711905181,55.95067688346994,0.5285044722069706,2.0189273146776214,0.6554925057878818,0.12964864253837213,1.035303919954296,0,0,0.2111620706045116,0,0,0,0
2015,8,19.92088327942349,19.180871638015937,56.426120193722674,0.6005369928662968,1.9553860094684783,0.8668411494700056,0.14432628185128557,0.7085346473722268,0,0,0.19649980780960838,0,0,0,0
2015,9,20.276215624643832,18.812621240895805,56.35724976,0.7884977775661619,1.861598795628816,0.9193555697477365,0.13521092626020612,0.6512166716527986,0,0,0.19803363736574198,0,0,0,0
2015,10,20.11268663203197,18.767600850630416,56.19347037098843,0.8393476082984229,1.7233840655871555,1.0480401211360817,0.14743683621573772,0.9620357112827496,0,0,0.2059978038290358,0,0,0,0
2015,11,20.348583671533717,18.180632470859244,56.35691067005632,0.8802172984203579,1.7536539602304342,1.2050677591779224,0.14547576758659742,0.945803687,0,0,0.18365471482572338,0,0,0,0
2015,12,19.82374213611222,18.31315250887145,56.415326754649975,0.940055983,1.776703636875095,1.4148124243808946,0.17759268245045742,0.9571473074970934,0,0,0.18146656605492967,0,0,0,0
2016,1,20.439437071204136,17.235738703189497,57.447036546413955,0.9936682868681025,1.3576480978737224,1.278613837955673,0.14564229938449047,0.9418028785246899,0,0,0.16041227858573304,0,0,0,0
2016,2,21.385034989969302,16.71412011820157,56.82184687298104,1.0285758713789002,1.488148382,1.3702485438385972,0.13951538568444663,0.9089480150925245,0,0,0.14356182095902098,0,0,0,0
2016,3,19.51418477328362,18.540326085417593,57.36399380520636,0.9550920621229706,0.7783824157550152,1.5935956473173463,0.1517904581462161,0.968175628,0,0,0.1344591251050786,0,0,0,0
2016,4,20.520406798146215,18.36277150346215,56.375876005555845,1.0017710123243686,0.6464419034704528,1.829832416542828,0.16566904850337633,0.9688421171167446,0,0,0.12838919487801873,0,0,0,0
2016,5,20.593436948806232,18.500065708599443,55.922203009786855,1.0507000766144592,0.7997228253254787,1.8893731757044105,0.18308542310449782,0.9437029882021981,0,0,0.11770984385642659,0,0,0,0
2016,6,21.198007833970003,18.684546558633862,55.079116100299544,1.0405101206861882,0.6986867697069622,1.963164034338759,0.15855256906007772,1.073530470590537,0,0,0.10388554271406945,0,0,0,0
2016,7,22.16998118497074,17.78474112941102,55.10201812,1.052079240409421,0.6113987972901769,1.8831977198838643,0.17037927120128715,1.1091749209892408,0,0,0.11702961697495175,0,0,0,0
2016,8,21.704305755424937,17.39937263860993,55.728904031037786,1.1602643114680493,0.5546278173386104,2.037160093203855,0.17429001204075334,1.129280950271743,0,0,0.1117943906043377,0,0,0,0
2016,9,21.986179156562205,16.89602097199927,55.959187208289926,1.1529387919590408,0.47302554603136615,2.145459639855284,0.1739573032688214,1.1108911190713138,0,0,0.10234026296276946,0,0,0,0
2016,10,22.007716594051093,17.146821918665175,56.08311690359552,1.143429209066236,0.011015305395413845,2.166283701554303,0.18780434658056017,1.1508462667110562,0,0,0.1029657543806359,0,0,0,0
2016,11,22.384906158750436,16.55932178322877,56.13276235834227,1.2752247131877674,0.049207279,2.179586557640587,0.19087295153338205,1.1354329085775545,0,0,0.09268529,0,0,0,0
2016,12,21.836264507269266,17.67795119070555,55.726179462758154,1.2024253332102979,0.046723115,2.0512549165771934,0.2287920557540164,1.1362387000293128,0,0,0.094170718,0,0,0,0
2017,1,21.98475016457337,16.122364200425658,57.511440924777546,1.0957202249611893,0.024870258,1.8936911193374837,0.21177568874169383,1.0792892557567535,0,0,0.076098163,0,0,0,0
2017,2,24.385580640436068,15.700121512310055,55.82130070589133,1.0078385670327683,0.016763460557534516,1.8262784360635262,0.19466636540317472,0.9836583986874514,0,0,0.063791914,0,0,0,0
2017,3,24.70836786427844,15.96505914144888,56.00650169290346,0.9343322005858735,0.018442082,1.0780245375203075,0.2127749260249293,1.0153257464985659,0,0,0.061171809,0,0,0,0
2017,4,24.610569393950147,15.668563636236952,55.84983639972088,0.9921500550182346,0.022649157260523033,1.6070191998321355,0.2149307777046283,0.9780385486450837,0,0,0.056242832,0,0,0,0
2017,5,24.46977087977496,16.155094215931804,55.906326893460175,0.8765799695149861,0.007893612,1.2625063289798466,0.2202517882123475,1.0443021852279577,0,0,0.057274127,0,0,0,0
2017,6,24.52547701702048,15.787582479842834,56.07038204696718,0.8433398667676218,0.019638904061156013,1.4423929736318222,0.21941674833488323,1.0397140979593527,0,0,0.052055865,0,0,0,0
2017,7,24.92120013613603,16.313532490637954,55.58627368234904,0.8065619634321107,0.018394641,0.9850759644453856,0.2536935977422386,1.0625317481927827,0,0,0.052735775638680864,0,0,0,0
2017,8,24.89034928859002,15.771543881211064,55.19196781955454,0.7435178828614897,0.018343122,2.041004172533337,0.2332436930855935,1.0588124040439693,0,0,0.051217735712933775,0,0,0,0
2017,9,25.353418728437727,15.753460244656491,55.33349381574022,0.8365516925318726,0.001783205,1.4052897581144796,0.22620137987713504,1.0381253072740095,0,0,0.051675868,0,0,0,0
2017,10,25.52718246138645,15.879100381159464,54.55702617569072,0.8006401484134205,0,1.9122677333191829,0.23716533487536476,1.0372419228926246,0,0,0.049375842,0,0,0,0
2017,11,25.91591173899826,15.702851488943454,54.04977232835042,0.8901459336449523,0.000683541,2.1283387660114146,0.230093584,1.0349169901444288,0,0,0.047285629,0,0,0,0
2017,12,25.235715794957887,16.169377610809146,53.73789558257961,0.9772063776708232,7.333581655017024e-05,2.3795755677042116,0.29048639046931474,1.1632988104992004,0,0,0.046370529,0,0,0,0
2018,1,23.704431023685306,15.953525387711926,55.577711905276516,0.854873592,0,2.4822726947168117,0.23747414259734215,1.1448522997647357,0,0,0.044858954445907886,0,0,0,0
2018,2,24.178981496754282,16.434327248081892,54.12153922,0.911819085,0,2.9462780049541193,0.2470382854901575,1.1193622210286396,0,0,0.040654437,0,0,0,0
2018,3,23.482181912604474,16.557816914265153,54.12639023744133,0.9117697074665192,0,3.3777274904984993,0.27381461472067464,1.2270460966678747,0,0,0.041623842,0,0,0,0.001629185
2018,4,23.60807734883018,16.505293622259153,53.67187149467168,0.9682405886746444,0,3.7888954623487847,0.2376022198620259,1.1807006704451277,0,0,0.039015854,0,0,0,0.000302739
2018,5,23.34984459856897,16.294219038869333,53.924687105376655,0.9282154981171754,0,4.027718940422455,0.24054143706096812,1.2021355167985726,0,0,0.032357074,0,0,0,0.000280791
2018,6,23.431858079701325,16.207593538957518,54.02586723862912,0.9460605182320019,0,3.918822543646466,0.249389798,1.186096281630593,0,0,0.034065961,0,0,0,0.00024604
2018,7,23.106767438274588,15.328108083664446,55.43399661166563,0.9086762895865902,0,3.899315102801383,0.213627107,1.1092643470631418,0,0,0,0,0,0,0.00024502
2018,8,23.240375664677472,15.359602837433044,55.27445934178782,0.8873768188744037,0,3.8987849307086653,0.2201215336085338,1.1191008888174827,0,0,0,0,0,0,0.000177984
2018,9,23.25545831337147,15.381704949570304,55.04749054713337,0.8123197327310097,0,4.034950713004561,0.21334191146218143,1.0882323206502749,0,0,0,0,0.16633533727973257,0,0.000166175
2018,10,22.701971031588442,15.035544771977335,54.878003987032756,0.7634124984830024,0,4.597859310043784,0.3097359192073551,1.0651261315186713,0,0,0,0,0.6481654147684442,0,0.000180935
2018,11,22.469651850514744,15.101110141311388,55.272572505839115,0.7660822387927237,0,4.318784359383928,0.3060055211174575,0.9839117238472787,0,0,0,0,0.7816906483052468,0,0.000191011
2018,12,23.22321549334339,14.915702054624298,54.91302510505647,0.6974126558937436,0,4.100286790088886,0.364246931,0.9701218675577448,0,0,0,0,0.8157261290541925,0,0.000262973
2019,1,21.393928459727018,14.514847127838951,57.12001757,0.6741011597652165,0,4.283276225674616,0.29541474920920785,0.9563334066114428,0,0,0,0,0.7617970395633266,0,0.000284264
2019,2,21.521552206154198,15.002900760270455,56.55897340669923,0.695869983,0,4.327874297616866,0.2673726415742768,0.9085440460234381,0,0,0,0,0.7166728416519527,0,0.000239817
2019,3,19.489146114105786,14.277309274417235,59.71812932656025,0.619846135,0,4.060453956905637,0.24260133160887007,0.9039129811315904,0,0,0,0,0.6883364820470887,0,0.000264398
2019,4,20.52656227760121,14.077292486607803,58.97484142307038,0.6360237295582024,0,3.9971788879085133,0.27739501421699836,0.8810333834155399,0,0,0,0,0.6294778337868755,0,0.000194964
2019,5,20.55670518714097,14.082093260582058,58.95642394038577,0.6117717798530995,0,3.986583988716098,0.28935390944243095,0.902972518,0,0,0,0,0.6138896804668337,0,0.000205735
2019,6,20.73439431374841,14.048003285704416,58.92483122102976,0.5870681644231938,0,4.008817658388039,0.2795570939316702,0.8484017444583979,0,0,0,0,0.5687012001019301,0,0.000225318
2019,7,20.65183479497661,13.851768143975901,59.333034319509125,0.5774204956495786,0,3.8959946734569857,0.2754686782753929,0.8648004429468775,0,0,0,0,0.549374243,0,0.000304208
2019,8,20.868574152821562,13.84467675637064,59.58113558057122,0.528369901,0,3.558048157949161,0.25482230034822767,0.8484021520751511,0,0,0,0,0.5155750386890682,0,0.00039596
2019,9,20.994038974106953,13.944478547803335,59.78646525931887,0.49285353372758944,0,3.2457573416399823,0.26022858601366117,0.8161545838860498,0,0,0,0,0.4597593483030433,0,0.000263825
2019,10,20.457130294251876,14.237597903422792,59.32705398154393,0.4810592428538896,0,3.968424204849113,0.29790494653766575,0.80772182,0,0,0,0,0.42152503316831197,0,0.001582573
2019,11,20.156337115107167,14.206010207258826,59.85717345,0.48622989682143786,0,3.8282757213326204,0.2813446587200067,0.7969711570825714,0,0,0,0,0.3855962669859245,0,0.00206153
2019,12,18.616997096949703,15.001870873087416,60.63352988494647,0.48952230559378945,0,3.6798306593076395,0.37264586005513656,0.817468919,0,0,0,0,0.38186540550550574,0,0.006268996
2020,1,18.890317318842463,14.280137255821465,61.444435875415124,0.5105799410022112,0,3.4766019098182834,0.27310504142678876,0.7776569719475173,0,0,0,0,0.34593249372128526,0,0.001233192
2020,2,19.26451970052963,14.304168684168348,61.097993052892555,0.5527849974608019,0,3.417754867914144,0.3157043134737751,0.7433997316578426,0,0,0,0,0.3023369724839138,0,0.001337679
2020,3,19.309366959660164,14.128745247752706,61.41994020482989,0.5543757531281451,0,3.317047373965175,0.29645651627835234,0.6896685765546815,0,0,0,0,0.28332019658094704,0,0.001079171
2020,4,20.106443396885325,13.593206754348092,61.76475004818488,0.7202991478170735,0,2.9264611014823148,0.21194945442986735,0.4705486136622551,0,0,0,0,0.20561945215014982,0,0.000722031
2020,5,20.729249741342663,12.824750516546137,62.05467205051335,0.5382717008964257,0,2.8156761952120415,0.3242250047309405,0.506849102,0,0,0,0,0.20530711128849255,0,0.000998577
2020,6,20.234260859623916,13.491664703514891,61.816890531354865,0.5272127160697768,0,2.815274188409704,0.3350400667449995,0.5719413948659985,0,0,0,0,0.206319552,0,0.001395987
2020,7,20.21810367396201,14.26879960528799,61.50927436931492,0.4416217568249549,0,2.4691567422698233,0.3422773619263241,0.5317696858640798,0,0,0,0,0.2173227573247281,0,0.001674047
2020,8,20.46346226658375,13.83454066,61.664104467861705,0.5458401291534571,0,2.391269247864709,0.32086996779785415,0.5578790942291909,0,0,0,0,0.220116926,0,0.001917244
2020,9,19.639401343711395,13.539027722920993,63.02953043745154,0.505872614,0,2.2036882930336117,0.3427945305014654,0.5337620696156049,0,0,0,0,0.20391077259291562,0,0.002012216
2020,10,19.49635616588879,14.03842539139791,62.551047537680596,0.5229755094213002,0,2.2317884615099666,0.3726690544066466,0.5682797005537504,0,0.001013409,0,0,0.21543559943364024,0,0.00200917
2020,11,19.21000481,14.001059442881115,62.79161451681002,0.5907982301740766,0,2.297534520779503,0.349667623,0.5471225760158813,0,0.002055609,0,0,0.2080979470909451,0,0.002044722
2020,12,18.532609721184055,14.775819115188146,62.712382088640254,0.59626924,0,2.2132325570378297,0.3405999907156821,0.6159176225489895,0,0.002836362,0,0,0.20832347532325382,0,0.002009827
2021,1,18.60864160598819,14.153294898272396,63.29789152504941,0.4709477935808476,0,2.3443912815891697,0.32004530988812263,0.6123156302718057,0,0.0024254,0,0,0.1882378787948344,0,0.001808677
2021,2,18.41285027260822,15.934761976982811,61.854283875722274,0.4945815611275516,0,2.224557687240964,0.3128976830383467,0.5973137093599687,0,0.000882118,0,0,0.1661297760485792,0,0.00174134
2021,3,18.367341282797305,15.514433451953716,62.22616584674523,0.4758438969257187,0,2.242451818850857,0.33077639910204987,0.6677328873266746,0,0.00087533,0,0,0.17265139972906265,0,0.001727686
2021,4,18.45850248555063,16.37482333,61.69224279087516,0.43476578967263185,0,2.023074221,0.28517763666754653,0.5566110612296867,0.020962139011619807,0.00070667,0,0,0.15170852546255012,0,0.001425347
2021,5,18.32837915006244,16.681097433810162,61.98657984040019,0.32854654266016936,0,1.6632339407836265,0.2917732382743224,0.48634522012669945,0.091205942,0.000954856,0,0,0.14088380879474718,0,0.001000028
2021,6,18.933041297276397,16.60765569444922,61.65697933824708,0.3090661507674856,0,1.4484933870914625,0.3024216310070264,0.48559466744290125,0.1265567425890679,0.000964455,0,0,0.12787598755449764,0,0.001350649
2021,7,18.42612863191524,16.61847971315777,61.94756497058302,0.3394493711194097,0,1.1647700774399738,0.32042269018800384,0.5320580141979796,0.5264338464709317,0.000916048,0,0,0.12214600287914093,0,0.001630634
2021,8,18.826822318496212,16.54121564222408,61.711847368692005,0.3152559468659859,0,0.8471641962829219,0.3094582609411471,0.509058871,0.8232762101471667,0.000934578,0,0,0.11349553897359319,0,0.001471068
2021,9,19.51038251177537,16.122271612603754,61.11034410617406,0.520368842,0,0.6223870752058602,0.2850379178185193,0.5322126326621374,1.1875133431096494,0.000945856,0,0,0.10723482010114517,0,0.001301283
2021,10,18.894733276400366,16.58229270048951,61.341447207670996,0.31453391471513614,0,0.4252746600946712,0.31370715200480814,0.5729232470058304,1.4468650237713667,0.000745,0,0,0.10612198316747312,0,0.001355835
2021,11,18.462606744308534,16.818094206362076,61.51871968827347,0.29384356181169624,0,0.290741547,0.3069885805323208,0.5034786950180713,1.7015966165170728,0.000603129,0,0,0.10247432596887274,0,0.000852905
2021,12,17.588424253798486,17.68326180845157,60.631761062469344,0.275014048,0,0.21777202615541924,0.34608110218640065,1.1955494261335493,1.945396727290073,0.000493223,0,0,0.11521302910481328,0,0.001033294
2022,1,17.501778046887587,17.172440331492282,61.506235360185435,0.2961168029348226,0,0.1856855195898634,0.31527816951325793,0.81751588,2.0915341078412917,0.000485971,0,0,0.11156464300279367,0.000221651,0.001143517
2022,2,17.622532769230126,17.66927152803919,60.86233591805959,0.3161502497447753,0,0.16303260833534777,0.3088180503652561,0.7814878916090742,2.171795839292682,0.000312643,0,0,0.10043124407677602,0.002620622,0.001210636
2022,3,17.451655851598805,17.455011641803715,61.005942039238256,0.31872562436724977,0,0.13305332936502934,0.34406735725164467,0.8045033373822748,2.374824951801864,0.000384724,0,0,0.10709040859709577,0.003309634,0.0014311
2022,4,17.49946525654439,17.74804627,60.48474680306113,0.28299218654882896,0,0.11574900798095854,0.31116009764455704,0.7306456796043521,2.7168500392026864,0.000292042,0,0.001092017,0.10008407345788123,0.007391223,0.001485307
2022,5,17.62677142835581,17.86792144061011,60.073662581099185,0.3316712790220971,0,0.084622797,0.25743097605773485,0.7290868495110001,2.9211880796285903,0.000149181,0,0.00069877,0.099809523,0.004860692,0.002126403
2022,6,17.64478220327056,18.118018093391903,59.58029821964561,0.37385850775843593,0,0.071922153,0.32441601001073417,0.6927930629725998,3.0911908670247117,8.034853516909694e-05,0,0.000141773,0.095374933,0.004743673,0.002380155
2022,7,17.291907748897803,18.18521214085383,59.69923498588031,0.366471318,0,0.059413451,0.3323187544385914,0.7222912796668339,3.2405168078521527,0,0,0.000160446,0.095424839,0.004656611,0.002391618
2022,8,16.39693971056186,18.52280495357216,60.09384715635744,0.376034425,0,0,0.33389109857329935,0.7528231537135123,3.4216973622180973,0,0,0.00013163,0.094427219,0.004649679,0.002753612
2022,9,17.166010839967942,18.393575226958216,59.29298222353094,0.3955513952382201,0,0,0.33220300433669386,0.7379668949001598,3.5830991332197164,0,0,0.000250627,0.090936363,0.00457853,0.002845762
2022,10,16.526549142896364,18.183090816998625,60.22431633728761,0.3910761824938635,0,0,0.3171742281912378,0.739293718,3.5225205725259645,0,0,0.000231717,0.088257608,0.004669369,0.002820308
2022,11,16.936483993316692,18.084625287606144,59.77692188809487,0.4088510499272474,0,0,0.3077105416342291,0.7141545904090973,3.6801354034587646,0,0,0.000215074,0.082674343,0.005038991,0.003188838
2022,12,16.522112229607462,18.60025346482471,59.49250176275533,0.43554289803475466,0,0,0.3404634931117487,0.7310225252875515,3.784903748390657,0,0,0.00040735,0.084228223,0.005398932,0.003165372
